Species	Group.x	Median_S.x	LCI_S.x	UCI_S.x	Median_W.x	LCI_W.x	UCI_W.x	Median_diff.x	LCI_diff.x	UCI_diff.x	Group.y	Median_S.y	LCI_S.y	UCI_S.y	Median_W.y	LCI_W.y	UCI_W.y	Median_diff.y	LCI_diff.y	UCI_diff.y	Group	Median_S	LCI_S	UCI_S	Median_W	LCI_W	UCI_W	Median_diff	LCI_diff	UCI_diff
Common Tailorbird	0	45.5770833333333	40.7958333333333	54.5	54.5	48.75	55.8884375	-7.25	-14.378125	0.634374999999992	2	641.4375	607.5	702.666666666667	489.6	481.25	507.128125	147.775	112.399375	211.415833333333	2	1270.5	1269.95833333333	1270.5	1209.1125	1195.501	1223.25	61.3687500000001	47.25	73.5758125000003
Purple-rumped Sunbird	1	38.3	32.75	42.325	46.7895833333333	44.793	50.247375	-9.25	-15.25	-4.5	1	436.5	436.5	469.315625	479.5	479.5	479.5	-42.75	-43	-10.1843750000001	2	1281.79166666667	1220.25	1312.425	1183.70833333333	1166.38302083333	1194.65	100.387500000001	36.0237500000001	140.0809375
Red-vented Bulbul	0	64	54.798125	70.75	64.8	54.4989583333333	69.00125	-1.0625	-9.88518749999999	11.209375	0	619	603	626.271875	600.333333333333	583.115625	609.01875	18.2916666666667	-0.628125	36.753125	2	1834.25	1834.25	1835.5	1685.3	1670.9125	1702.525	149.275	132.041875000002	163.3396875
House Crow	0	32.75	32.75	32.75	32.75	32.75	34.3260416666667	0	-1.57604166666667	0	1	402.5	402.333333333333	406.25	411.5	406.25	415.5	-9.08333333333337	-13.1666666666667	-2.49375000000001	2	2035.5	2035.5	2039.55	1920.55	1917.621875	1927.90583333333	115.0625	108.195416666667	119.851875
Black Drongo	0	32.75	32.75	38.5503125	32.75	29.4747916666667	32.75	0	0	5.9125	0	415.5	409.666666666667	419.333333333333	419.333333333333	419.333333333333	421.255208333333	-3.83333333333331	-13.0833333333333	0	0	1051.5375	1015.144375	1105.31760416667	1095.35	1080.8853125	1112.17541666667	-44.9749999999999	-86.9786458333325	12.6584374999995
White-cheeked Barbet	0	65.25	62.449375	68.2714583333333	64.39375	61.5	66.25	1.25	-2.5	5.1509375	2	887.25	878	893.333333333333	860.5	860.25	868.666666666667	24.625	14.25	32.5	2	1819.9	1814.33333333333	1825.25	1624.775	1617.7975	1633.96104166667	195.218750000001	183.553645833333	203.366562500004
White-throated Kingfisher	0	32.75	32.75	32.75	32.75	32.75	39.25	0	-6.5	0	0	419.333333333333	415.5	422.759375	436.5	419.333333333333	461.5	-17.1666666666667	-44.75	0	0	1186.91666666667	1177.33333333333	1209.75	1186.55	1177.33333333333	1209.75	-0.237499999999841	-29.1666666666667	30.5927916666658
Asian Green Bee-eater	0	32.75	32.75	37.0509375	32.75	29.8584375	39.25	0	-6.388125	5.100625	1	457	436.5	476.683333333333	480.25	479.5	489.25	-23.4583333333333	-52.75	-3.5	1	953.333333333333	943.333333333333	954.3515625	1009.7	987.3096875	1030.40225	-57.11875	-78.2006249999999	-33.9763541666663
Common Myna	0	39.15	38.5	43.75	43.75	42.3914583333333	46.75	-4.56875	-7.948375	0.00166666666666506	1	406.25	402.333333333333	406.25	419.333333333333	419.333333333333	419.333333333333	-13.0833333333333	-17	-12.990625	0	1063.3125	1035.465	1080.30989583333	1066.0625	1030.995	1105.2	-6.76041666666686	-45.8438541666654	34.2884375000006
Greater Coucal	1	40.75	37.3996875	43.75	46.75	46	49.02625	-6.81875	-10.0646875	-2.3496875	2	575.5	537.5	591.75	489.25	479.5	506.25	85.8333333333333	45.7375	107.25	2	1509.725	1491.1790625	1546.25	1230.75	1230.75	1230.75	278.974999999998	260.4290625	315.5
Oriental Magpie-Robin	1	33.6375	32.75	38.75	42.5	39.25	46	-8.22708333333334	-12.700625	-1.49885416666667	2	850.625	827.24375	860.5	808.625	784.25	810.75	42.75	20	69.9127083333333	1	1629	1625.2	1637.21666666667	1710.575	1683.875	1724	-81	-95	-52.6134374999988
Malabar Pied-Hornbill	2	12.25	12.25	16.85125	8.575	6.45	10.5	4	1.75	8.5853125	2	88.25	66	107	39.25	32.75	46	48.25	26.483125	67.75	2	886.549999999999	831.529166666667	948.344375	688.975	637	749.172208333334	190.933333333333	112.796979166667	271.123125
White-browed Wagtail	0	48.3	44.5	63.04625	45.0666666666667	39.3596875	47.45125	4.07708333333334	-1.95541666666666	21.1640625	2	731	702.666666666667	749.375	657	619	702.666666666667	75	17.0833333333334	112.390625	2	1851.4	1851	1867.1875	1469.925	1459.39916666667	1479.6	382.3125	371.65	398.144375
Common Hawk-Cuckoo	1	32.75	21.3333333333333	32.75	61.29375	53.5225	71.5	-30.58125	-44.2370833333333	-21.3490625	0	460	422.728125	476.666666666667	479.5	468	479.5	-19.5	-56.771875	0	1	1161.55416666667	1139.66666666667	1179	1238.8375	1230.6875	1253.9875	-80.239583333333	-106.79125	-57.1945833333336
Jungle Babbler	0	32.75	32.75	33.25	38.75	32.75	42.5	-6	-9.75	0	0	548.75	484.639583333333	575.5	487.25	456.871875	530	52.75	-5.30312499999996	96	2	1986.75	1986.75	1986.75	1809.63333333333	1809	1823	177.116666666667	163.75	177.75
Rose-ringed Parakeet	0	61	52.8325	68.3333333333333	66.25	52.8405208333333	73.6025	-4.08749999999999	-14.276875	9.92281249999999	1	406.25	402.916666666667	411.25	419.333333333333	419.333333333333	423.670833333333	-13.0833333333333	-17.5875	-8.08333333333331	2	1016.61666666667	965.880416666667	1041.61166666667	963.533333333333	948.4	981.915312500001	52.935416666666	2.99416666666667	83.5252083333333
Rufous Treepie	0	43.75	41.25	47.25	47.25	46	49.25	-3.5	-6.4625	0.275937500000005	1	331	309.5	369	411.5	402.5	419.333333333333	-79.75	-102.209375	-42.115625	0	1051.7125	1031	1073.75625	1039.25	1019.75	1060.2015625	13.6416666666661	-15.2246875000004	47.2179791666666
White-rumped Munia	0	45.96875	33.5	60.3341666666667	41.0125	35.5	50.5016666666667	2.19583333333334	-13.9446875	16.551875	0	719.166666666667	646.375	745.25	702.666666666667	696.2	720.5	13.3333333333334	-58.9166666666666	44.8995833333332	0	1106.37916666667	1003.5771875	1176.67125	1085.35833333333	1038.12333333333	1139.285	-0.256250000000705	-103.652395833333	101.724375
Black-rumped Flameback	0	50.55	47.25	55.2525	48.75	46.75	52.62625	1.225	-3.77520833333332	8.20187499999999	0	478.625	437.25	489.25	461.5	423.833333333333	479.5	14.5	-24.25	53.8333333333333	2	1230.75	1230.75	1238.25	1177.33333333333	1177.33333333333	1177.33333333333	53.4166666666667	53.4166666666667	60.9166666666667
Orange-headed Thrush	2	49.28125	47.0871875	57.7175	45.21625	42.5	47.81625	4.73500000000001	0.391562499999999	12.725625	2	864.875	826.333333333333	896.333333333333	431.625	305.390625	500.25	430.166666666667	352.74375	562.6	0	1411.75	1411.75	1411.75	1411.75	1367.93875	1411.75	0	0	43.8112500000007
Indian Peafowl	0	91.25	82.75	91.25	85	83.5	91.25	4.53958333333333	-5.25125	7.75	0	479.5	476.25	489.25	479.5	479.5	479.5	0	-3.25	9.75	2	1230.9125	1230.75	1251.35729166667	1127.5	1126.571875	1146	103.25	88.645000000001	126.708333333331
Red-whiskered Bulbul	0	62.17	59.25	66.0534375	62	55.74875	66.25	-0.0625000000000036	-6.03458333333332	7.6890625	2	956.541666666667	949.373125	961	898.25	891.5	905.25	57.4166666666666	48.6666666666667	65.3049999999999	2	2101.5	2095.4875	2105.57916666667	1954.4	1950	1964.8525	147.1125	135.3293125	151.868124999998
Indian Robin	0	110	93.9475	124.726875	124.5	115.899375	143.5	-18.0166666666667	-42.4009375	6.06437499999997	0	489.25	489.25	489.25	489.25	489.25	489.6	0	-0.350000000000023	0	2	1647.9	1630.36666666667	1665.03822916667	997.325	965.179166666667	1005.5925	653.383333333333	631.441375	686.554583333333
Asian Koel	0	30.25	21.3333333333333	32.75	32.75	32.75	42.5	-4.04375	-14.4344791666667	0	1	402.333333333333	402.333333333333	402.333333333333	415.5	411.5	419.333333333333	-13.1666666666667	-17	-9.16666666666669	2	1074.70833333333	1043.6309375	1118.3640625	1002.58125	963.666666666667	1035	74.7687500000003	27.7441666666667	131.4578125
Brown-headed Barbet	0	19.05	12.25	32.75	12.25	12.25	12.25	6.80000000000001	0	20.5	0	479.5	479.5	488.25	479.5	479.5	479.5	0	0	8.75	2	2139.33333333333	2139.33333333333	2139.67083333333	1251.45	1230.05833333333	1270.075	887.883333333334	869.258333333334	909.275
Indian Pond-Heron	0	32.75	32.75	35.2161458333333	33.5333333333333	32.75	39.0003125	-0.618750000000006	-6.25	1.3671875	1	415.5	406.25	415.5	460.75	419.333333333333	461.5	-45.75	-54.2520833333333	-6.996875	2	1603	1603	1616.225	1209.75	1209.75	1217.25	393.25	385.75	406.474999999999
Spotted Dove	0	51.8	46	60.65125	62.6666666666667	53.1316666666667	68.3333333333333	-10.73125	-19.5007291666667	3.278125	2	944	936.61875	954.25	765.666666666667	752.25	774.25	179.5625	167.741666666667	195.55125	2	2075.21875	2060.75	2088.075	1696.3	1676.5	1717.3	377.062499999999	349.350000000001	400.760000000001
House Sparrow	0	119.95	38.4996875	272.668125	116.5	32.75	209.4534375	1.84375000000003	-148.8278125	183.254166666667	2	1129.75	1073.66666666667	1179.834375	875.75	853	894	254.75	197.3125	311.377083333333	2	2248	2248	2248	2225.75	2225.475	2225.75	22.25	22.25	22.5250000000001
Yellow-footed Green-Pigeon	0	84.375	71	91.50125	91.25	65.4	152.293125	-15.09375	-70.2059375	22.141875	0	726.25	653.75	881.416666666667	747.8	688.5	854	-32.5916666666667	-170.425	151.622916666667	0	1037.45833333333	997.25	1144.6875	1047.05	997.29875	1101.5145	-1.60041666666655	-84.04775	112.571666666667
Loten's Sunbird	2	64.475	58.5541666666667	70.75	54.3791666666667	48.5316666666667	55.70125	10.8291666666667	5.08333333333334	19.825625	2	760.25	749	778.333333333333	619	582.83125	682.75	138.979166666667	78.331875	179.1525	0	1175.60833333333	1114.1328125	1244.5625	1139.66666666667	1095.96875	1141.4390625	41.4833333333327	-19.5851041666669	123.444062499999
Bar-winged Flycatcher-shrike	0	140.8375	133.535229166667	199.933875	118.98	79.0773958333333	159.8559375	26.9375	-15.753125	103.8984375	2	1175.16666666667	1135.6	1230.75	1058.25	1018.5	1096	122.208333333333	45.5999999999999	200.20625	1	2120.6625	2114.75	2130.34166666667	2175	2175	2175	-54.3374999999996	-60.25	-43.9666666666667
Indian Scimitar-Babbler	0	498.5	465.58	526.25	537.22	477.9	571.975	-37.25	-83.7841875	28.3528125	0	1177.33333333333	1177.33333333333	1191.875	1177.33333333333	1146	1177.33333333333	2.33333333333348	0	37.00625	2	2035.5	2035.5	2035.5	1937.4	1932.83333333333	1946.33333333333	98.1000000000004	89.1666666666667	102.666666666667
Crimson-backed Sunbird	2	91.6166666666667	81.261875	97.6078125	77.1266666666667	67.7346875	77.6666666666667	17.25	6.34500000000002	28.3845833333333	2	996.5	976.5	1019.128125	899.75	885	918.75	96.75	70.8739583333333	124.125	2	1654.6625	1647.4	1667.4075	1551.41875	1545.3109375	1554	104.791666666667	95.4431249999971	118.602499999997
Malabar Gray Hornbill	0	47.25	44.3875	54.5375	46.7166666666667	42.825	49.3333333333333	0.427083333333336	-3.23458333333334	7.65375	2	776.5	757.326041666667	784.4	720.666666666667	655.75	731.1875	56.4166666666667	36.25	120.75625	1	1146.7	1138.49625	1163.75	1170.41875	1153.6559375	1185	-23.1375	-38.8331249999993	-2.07124999999961
Yellow-browed Bulbul	2	83.05	76.6666666666667	91.25	75.2858333333334	69.54875	77.6666666666667	6.67708333333333	0.423125000000011	17.2134375	2	947.125	929	959	898.25	885.194375	918.5	48.5833333333334	22.3274999999999	68.878125	2	1571.8125	1563.8	1582.25	1550.9375	1534.66666666667	1555.2	22.4312500000002	9.79999999999995	41.0362499999998
Pale-billed Flowerpecker	0	50.9666666666667	44	55.25	55.25	50.3333333333333	60.00125	-3.68541666666667	-11.25	4.1384375	0	419.333333333333	411.5	427.25	453.083333333333	419.333333333333	468	-32.5833333333334	-50.053125	1.45937499999998	0	1139.66666666667	1097.42375	1171.325	1139.66666666667	1139.65908333333	1148.805	0	-42.2429166666669	31.2208333333331
Gray Junglefowl	1	55.25	47.25	65.3002083333333	77.6666666666667	74	85.601875	-22.4166666666667	-33.8296875	-11.9161666666667	0	996.5	969.5	1014.50208333333	969.25	956.1125	984.634375	26.8958333333333	0	52.003125	2	2035.5	2035.5	2035.5	1992	1976.535	2001.33333333333	43.5	34.1666666666667	58.9650000000016
Blue-tailed Bee-eater	0	18.1125	12.46	35.9375	22.3125	12.25	39.0625	-3.2375	-22.101875	16.6803125	1	377.25	304.75	397.254166666667	406.25	406.25	406.25	-29	-101.5	-8.99583333333345	0	829.6	724.6	870.135625	833.414999999999	752.625	897.825625	-5.03124999999943	-115.4341875	92.2496875000002
Bronzed Drongo	2	54.60125	48.5125	57.8503125	47.74375	46	50.1834375	6.5	0.198125000000003	10.6409791666667	0	517	479.5	579.75	479.5	479.5	518.5	33.5	-20.640625	94.5125	1	1135.6	1133.2535	1135.7125	1203.25	1187.7421875	1209.75	-67.6500000000001	-74.1500000000001	-52.1421875000001
Flame-throated Bulbul	0	49.65	46.3475	55.25	51.40625	48.8995833333333	55.25	-2.13333333333333	-7.1875	4.92041666666666	0	338.625	286.9125	458	375.5125	303.722916666667	456.75	-39.5208333333334	-139.18125	86.3333333333333	0	1090	1089.75	1124.1125	1111.2	1093.99375	1125.66666666667	-15.25	-35.9166666666667	17.2028125000001
Common Iora	1	32.75	27.540625	33.2525	50.9666666666667	48.1828125	55.25	-18.25	-25.5925	-15.6239583333333	2	658.375	619	702.666666666667	586.416666666667	562	607.5	70.5625	20.39	121.166666666667	0	1125	1102.9115625	1149.7875	1131.73333333333	1101.30885416667	1158.251	-3.64833333333365	-40.1034999999961	37.1361874999997
White-browed Bulbul	0	36	21.3333333333333	80.9340625	77.6666666666667	71.4233333333333	94.1671875	-43.2458333333333	-63.8941666666667	2.74645833333334	0	489.25	479.5	489.25	479.5	479.5	479.709375	9.75	0	9.75	2	1069.225	1022.043125	1154.55	1017.21875	977.8714375	1046.66666666667	58.6375000000002	0.251354166666216	150.456354166667
Blue-faced Malkoha	0	51.0625	34.75	86	57.1520833333333	50.975	84.3341666666667	-8.66458333333333	-38.7667708333333	26.616875	0	472.5	425.125	479.5	479.5	479.5	479.5	-7	-54.375	0	2	1013.3125	925.42875	1177.675	864.25	824.666458333333	880.478125	154.83125	58.6892708333332	314.7815
Chestnut-headed Bee-eater	0	73.58125	68.4958333333333	83.46625	65.3791666666667	56.036875	74	9.21666666666667	-0.283749999999985	21.0404166666667	2	1055.33333333333	1022.25	1076.503125	825.75	810.75	849.11	226.9375	186.25	262.835416666667	2	1657.13333333333	1629.29458333333	1682.94166666667	1314.975	1311.41333333333	1347.13333333333	335.403749999999	297.265833333333	368.710625
Dark-fronted Babbler	0	74	60.764375	74.376875	72.5	57.5	77.6839166666667	1.0625	-12.375	16.5041666666667	0	908.125	863.6	958	898.541666666667	878.5	956.295833333333	9.50000000000006	-54.3822916666666	66.1775	0	1464.2625	1411.75	1483.675	1411.75	1411.75	1411.75	52.5124999999996	0	71.9249999999997
Orange Minivet	0	88.0208333333333	79.1236458333333	91.25	75.3	71.8246875	84.359375	11.6604166666667	-0.6259375	18.2565625	0	864	852.2	871.878125	860.25	839.661458333333	860.5	6.75	-4.55625000000007	27.3333333333334	0	1571.325	1554.935	1586.26666666667	1588.15	1558.32	1592.33333333333	-9.57499999999914	-28.535	18.637875000001
Malabar Whistling-Thrush	2	91.5	91.25	98.0925	77.5	71.39875	85.3046875	16.05	6.29875000000001	25	2	1135.6	1127.5	1139.5	1086.75	1074.33333333333	1089.75	48.8499999999999	37.9166666666667	61.2666666666667	0	1632.33333333333	1628.7375	1632.33333333333	1602.2	1599.8134375	1633.4125	29.8666666666668	-1.0791666666662	32.3875
Gray-fronted Green-Pigeon	0	32.75	32.75	47.75	47.8125	41	55.25	-14.5	-22.5	4.13583333333333	0	721.479166666667	649.75	756.75	655.75	624.69375	720.666666666667	58.8	-19.7697916666667	119.753125	2	1251.8625	1231.6796875	1276.768125	1230.75	1226.4840625	1230.75	21.5500000000001	0.929687499999995	47.3877083333328
Ashy Woodswallow	0	27.25	19.2348958333333	36.6670833333333	18	14.0334375	28.5310416666667	9.02083333333333	-4.77447916666666	19.1896875	2	559.5	490	591.75	419.333333333333	402.5	419.333333333333	140.166666666667	70.6666666666667	175.338541666667	2	1553.15	1445.560625	1577.2125	1112.725	1076.2596875	1139	430.745833333332	314.722499999994	488.201875
Little Spiderhunter	0	71.125	64.948125	78.5	62.125	55.25	78.29375	8.37749999999999	-9.6155625	22.37625	2	918	887.727083333333	950.272916666667	868.5	840.08125	891.0125	44.7916666666667	10.7916666666667	91.509375	0	1411.75	1389.3640625	1411.75	1411.75	1411.75	1411.75	0	-22.3859375000004	0
Vernal Hanging-Parrot	0	55.25	48.283125	63.8389583333333	51	48.774375	55.25	4.39375000000003	-5.0603125	13.289375	0	794.25	787.322916666667	798	789.375	774.25	810.75	3.75	-17.25	18.11	2	1452.75	1428.05145833333	1459.33333333333	1343.3	1324.623125	1358.675	111.7	85.821770833333	128.783750000001
Nilgiri Flowerpecker	2	97.3333333333333	91.7154166666667	104.3390625	77.6666666666667	77.6666666666667	77.6666666666667	19.6666666666667	14.04875	27.6865625	2	1064.375	1058.25	1073.75	1039.25	1022.33333333333	1052	28.4166666666667	10.9156250000001	47.175	2	2035.5	2035.5	2035.5	1788.4	1788.4	1788.4	247.1	247.1	247.1
Tickell's Blue Flycatcher	0	74.8625	70.6	80.0046875	74.1666666666667	64.675	77.6666666666667	1.46666666666667	-6.61866666666667	13.0941666666667	2	797.583333333333	769.75	839.666666666667	720.5	671.875	720.666666666667	90.0833333333334	49.7333333333333	141.890625	2	1905.19	1853.0603125	1911.1949375	1788.4	1720.825	1788.4	118.12	64.8375000000001	185.197125
Common Woodshrike	0	67.9583333333333	61.1203125	91.25	85	83.5	100.5696875	-19.1166666666667	-36.321875	4.34593750000001	1	419.333333333333	340.9625	462	479.5	479.5	479.5	-60.1666666666667	-138.5375	-17.5	0	959	913.777499999999	988.1740625	1002.875	957.499375	1019.550625	-42.2949999999998	-91.3029374999997	11.2229166666666
Yellow-throated Sparrow	0	13.7	10.5	31.6083333333333	8.45833333333333	8.25	10.5	4.60208333333333	0	22.1078125	2	551.25	489.25	691.125	468	276.25	489.25	126.1875	9.75	349.210416666667	0	1008.725	959	1031	999.725	994.51375	1025.58333333333	3.66875000000005	-40.4478125	33.25
Purple Sunbird	1	32.75	32.75	32.75	46.75	42.25	51.00125	-14	-18.25125	-9.5	1	465.8125	436.5	479.5	544.75	533	580.0125	-85.8958333333333	-130.404166666667	-58	2	1751.15	1710	1778.66666666667	1479.6	1479.6	1479.6	271.55	230.4	299.135
Plum-headed Parakeet	0	54.875	48.5327083333333	63.25125	54.2875	49.75	62.2347916666667	0.666666666666668	-8.5278125	9.643125	0	832.583333333333	811.75	860.5	804.5	767.75	832	34.75	-11.2135416666666	76.0010416666667	2	1266.1	1240.0375	1270.5	1230.75	1230.75	1230.75	35.349999999999	9.28749999999991	39.75
Long-tailed Shrike	2	489.25	489.25	489.25	365.6875	284	469.2025	123.5625	20.0475	205.25	0	1177.33333333333	1177.33333333333	1230.75	1177.33333333333	1146	1177.33333333333	19.9166666666667	0	78.0510416666667	2	2125.2625	2125.25	2126.19166666667	2078.2	2078	2083.525	47.1083333333331	41.7250000000004	48.0424999999994
Indian Roller	2	153	115.75	194.659895833333	19.05625	10.5	42.401875	132.70625	81.749375	178.375	2	436.5	421.625	436.5	414.333333333333	401.333333333333	419.333333333333	21.5833333333334	9.25	35.1916666666667	2	972.387499999999	954.25	1049.015	876.508333333333	822.586666666665	921.815	106	42.0979166666672	195.7855
Thick-billed Flowerpecker	0	21.3333333333333	21.1708333333333	21.3333333333333	39.7125	17.9246875	55.25	-18.4041666666667	-33.9166666666667	3.40833333333333	0	541.875	479.5	597.916666666667	607.5	516.5	619	-52.4375	-139.5	56.05	2	1551.74	1408.4023125	1563.8	1235.6875	1186.9884375	1245.8875	316.77125	168.612500000001	373.785
White-bellied Blue Flycatcher	2	99.05	77.3975	142.00175	55.25	55.25	55.8125	43.8	22.115	86.75175	2	996.5	968	1022.4875	789.25	702	884.646875	207.25	99.8385416666667	294.5	0	1512.7125	1447.89520833333	1553.55	1523.4375	1490.11333333333	1576.875	-19.2750000000003	-96.1726041666663	42.1912083333325
Indian Blackbird	2	595.95	467.875	757.947604166667	66.25	49.67375	91.25	523.03125	404.789375	692.241979166667	2	1782.16666666667	1761.41666666667	1814.33333333333	1085	1056.584375	1127.5	705.333333333333	652.166666666667	740.91875	2	2324.18333333333	2322.8	2324.98333333333	2175	2175	2175	149.183333333333	147.8	149.983333333333
Yellow-wattled Lapwing	0	30.3875	18.25	262.615625	57.3	20.075	339.9571875	-22.2	-303.210625	203.996875	1	644.25	632	657.25	702.666666666667	702.666666666667	702.666666666667	-58.4166666666666	-70.6666666666666	-45.4166666666666	0	951.6125	916.14875	967.375	946.75	921.2	957.3821875	5.35124999999994	-31.80625	32.9451041666667
Tawny-bellied Babbler	0	147.775	124.5	268.7021875	231.7875	167.4	306.0946875	-75.6125	-149.0496875	59.7132499999999	2	764.5	702.666666666667	859.333333333333	623.75	619	702.666666666667	126.9375	31.5583333333334	238.127083333333	1	1617	1538.525	1657.875	1822	1822	1822	-205	-283.475000000002	-164.125
Small Minivet	0	91.25	86.1	97.3333333333333	68.4	56.26625	97.3333333333333	22.40625	-6.08333333333333	35.4014583333333	0	691.75	631.25	706	696.2	642	706.878125	0	-68.6666666666666	60.6666666666666	0	1205.8	1146.8975	1219.9375	1230.75	1208.545625	1232.22916666667	-20.50625	-82.826875	7.5125000000005
Brahminy Starling	2	124.5	118.0625	147.1	109.38125	85.124375	119.991625	16.8875	2.759	47.8459374999998	2	714.458333333333	702.666666666667	849.794791666667	619	524.25	699.75	108.166666666667	14.1354166666666	252.584583333333	0	1016.5625	997.275	1031	1006.4575	997.0984375	1054.491875	5.14999999999998	-40.5099999999992	33.32625
Black-hooded Oriole	1	30.725	21.3333333333333	32.75	40.575	35.59875	42.5	-9.75	-20.7954166666667	-3.7746875	1	124.5	124.484375	127.41875	159.25	144	178.333333333333	-34.75	-53.8333333333333	-19.371875	0	997.25	939.149374999998	1018.9634375	954.8	920.972499999999	991.780416666665	40.3	-22.3162499999999	85.4165624999999
Large-billed Crow	0	62.7591666666667	61	68.4066666666667	60.90625	54.7484375	62	4	-0.612812500000004	11.4878125	2	816.75	810.75	843.5	754.333333333333	737.916666666667	767.75	64.1333333333333	46.5	91.176875	0	2107.70833333333	2090.1	2113.33333333333	2085.75	2078.11625	2093.9625	20.4895833333312	-1.97229166666527	33.1346875000007
Square-tailed Bulbul	2	765	745.666666666667	796.368333333333	656	564.6880625	738.3090625	104.75625	11.9166666666666	194.085	2	1387	1377.978125	1395.5	1236	1230.75	1253.61041666667	156	133.145833333333	164.75	2	2151.75	2144.98875	2151.75	2113.16666666667	2102.075	2116	38.25	30.6150000000001	49.25
Baya Weaver	0	71	38.875	188.452708333333	142.125	16.05	264.9175	-58.6625	-206.079625	105.28125	0	490.666666666667	461.5	623.25	465	437.9375	484.55	28.6333333333333	-18.125	160	0	968.791666666667	831.544375	1036.88333333333	903	761.047499999999	934.4	65.4749999999999	-83.0985416666666	209.115833333333
Asian Fairy-bluebird	2	78.6	74	91.25	58.7625	55.25	66.25	21.475	8.99916666666667	35.75	0	846.333333333333	825.75	864.3	847.5	825.75	876.5	0	-40.0020833333333	34.046875	0	1411.75	1411.75	1411.75	1411.75	1411.75	1411.75	0	0	0
Jungle Myna	2	371.375	252.3875	431.234375	93.9125	90.5990625	153.4690625	270.083333333333	146.3153125	334.633333333333	2	1169.625	1146	1177.33333333333	959	942	965	211.925	182.833333333333	231.74	2	2195.8125	2189.33333333333	2202.54833333333	2078.3	2073.7190625	2085.3359375	116.541666666666	106.605312499999	124.877395833333
White-breasted Waterhen	0	43.75	40.525	45.750625	45.9333333333333	41.149375	46.75	-2.25	-6.15052083333333	2.1890625	2	479.5	465.45625	581.5	461.5	419.333333333333	476	21.75	1.99583333333333	127.416666666667	2	1489.8575	1458.098875	1516.25	1242.20624999999	1230.5875	1456.7	237.528749999999	25.5265833333333	282.451875
Asian Woolly-necked Stork	0	43.75	21.6733333333333	87.25	38.4166666666667	25.4583333333333	67.1666666666667	5.73541666666667	-23.676875	52.4417708333333	0	581.5	419.333333333333	664.625	634.333333333333	581.488541666667	704.85	-66.375	-222.057291666667	30.3124999999999	2	1072.9	1032.061875	1103.25	962.683333333333	953.555	1062.08333333333	101.8125	0.680416666666833	140.495
Ashy Prinia	2	267.4375	260.2	284	143.5	131.57875	183.1175	123.410416666667	91.5609375	143.97875	2	702.666666666667	642	767.75	461.5	453.083333333333	479.5	241.166666666667	182.571875	306.25	2	2035.5	2035.5	2035.5	1968.5	1934.86666666667	2006	67	29.5000000000009	100.633333333334
White-rumped Shama	0	101.25	71.12625	234.355416666667	104.004166666667	75.629	302.526875	0.735416666666659	-156.105729166667	129.859645833333	2	825	778.333333333333	870.659375	696.2	687.25	753.140625	107.083333333333	29.1406250000001	176.80375	2	1698.125	1688.9	1729.475	1495.55	1246.2034375	1574.5625	206.408333333334	122.856041666667	459.065104166668
Greater Racket-tailed Drongo	0	41.73125	39.0365625	46	46	43.75	46.75	-4.25	-7	0	2	687.25	664.333333333333	702	603	580.8625	637.875	78.9166666666666	42.859375	107.00625	1	1163.75	1148.75	1183.485	1191.9375	1186.75	1209.6253125	-29.1	-48.5451041666658	-7.99312499999999
Gray-headed Bulbul	2	74	70.3875	74.4390625	47	42.04875	52.25	26.75	20.6936875	32.1509375	2	794.25	744.5	794.25	599.2	476.333333333333	732.5	187.45	53.371875	317.583333333333	0	1256.20833333333	1213.2425	1303.65041666667	1235.275	1202.97375	1248.0875	24.1	-22.2584375	81.4971875000005
Pied Bushchat	2	333.025	324.9909375	346.393125	265.75	248.666666666667	280.52125	67.8625	50.39	88.8596875	2	1459.33333333333	1442.83333333333	1505.83	873.5	851.25	911.25	588.645833333333	542.615625	644.851875	2	2248	2248	2248	2215.81666666667	2210.65	2218.35	32.1833333333334	29.6500000000001	37.3499999999999
Asian Emerald Dove	0	63.8395833333333	55.25	72.725625	65.025	55.848125	69.4191875	-0.614583333333329	-10.3376041666667	11.0878125	1	771.5	726	797.5	860.375	795.875	896.40625	-86.5	-148.877916666667	-20.4739583333334	2	1702.41666666667	1676.10791666667	1724.4	1648.8175	1630.6	1649.8	54.2666666666663	27.3482916666663	81.1304374999997
Malabar Trogon	0	55.25	55.25	58.3125	55.25	53.3025	55.25	0	0	3.85020833333333	0	676.625	591.75	709.75	550.25	470.967708333333	650.625	112.708333333333	-7.29687500000007	209.646875	0	1354.125	1311.33333333333	1356	1344.5	1313.24791666667	1357.1	2.04166666666663	-38.8999999999999	41.4223958333332
Heart-spotted Woodpecker	1	34.00625	31.3671875	42.5195	47.4375	46	51.6783333333333	-13.25	-18.9516666666667	-5.3095625	0	507.875	437.75	591.75	478.958333333333	266.478125	530	52	-62.2525	256.9	2	1219.45	1205.75	1228.7	1140.37083333333	1094.81072916667	1163.9875	75.0333333333331	46.8465624999999	123.45
Scaly-breasted Munia	0	48.3333333333333	30.4666666666667	83.6779166666667	39.575	32.75	68.3505	4.33541666666667	-28.4409791666667	41.56	2	700.625	598.5	703.5	514.708333333333	488.25	582	166.4625	64.6510416666666	213.416666666667	0	1974.4625	1956.4715625	2006.5875	1941.85	1923.55	1990.931875	31.5	-19.9456249999992	70.2103124999998
Puff-throated Babbler	0	140.533333333333	124.5	162.664375	132.18125	120.8053125	178.256145833333	5.53124999999999	-41.3271875	32.3554166666667	2	1035	997.375	1058.25	936.666666666667	905.5	971.25	93	47.25	140.044791666667	1	1584.6875	1570.2575	1590.58333333333	1634.5	1616.65458333333	1638.0109375	-48.3125	-61.0973124999998	-31.6981250000005
Black-naped Monarch	2	74	67.2652083333333	83.751875	54.5	49.75	55.25	19.7395833333333	13.5985416666667	29.1675	2	784	767.75	833.054166666667	696.2	643.416666666667	720.666666666667	94.1458333333334	51.33125	159.333333333333	0	1411.75	1411.75	1411.75	1411.75	1411.75	1411.75	0	0	0
Black-throated Munia	0	27.6875	21.3333333333333	40.75	38.25	32.75	44.8353125	-8.7125	-19.5544791666667	8	0	801	754.708333333333	852.2	797	758.166666666667	810.75	9.43750000000006	-41.9666666666666	63.5854166666666	2	1510.025	1366.973125	1518	1252.425	1215.75	1265.54166666667	256.25	113.502083333333	291.496875
Malabar Parakeet	2	66.40625	59.4979166666667	73.5	55.25	50.2221875	55.25	12.7354166666667	4.24791666666667	19.45	1	794.25	794.25	817.75	875.5	867	881.666666666667	-79.75	-87.4166666666666	-57.6899999999999	1	1223.8125	1220.25	1241	1312	1305.775	1312	-87.4450000000001	-91.75	-71
Brown-cheeked Fulvetta	1	123.1875	112.666666666667	167.1890625	201.183333333333	156.591041666667	237.625625	-69.4520833333333	-116.3553125	-18.94375	2	1209.75	1187.65729166667	1257.25	1090	1089.75	1096	119.75	91.6010416666667	162.375	1	1632.175	1624.86145833333	1633.2285	1640.93333333333	1639.73614583333	1647.68333333333	-9	-17.5467708333333	-6.96874999999997
Rufous Woodpecker	0	20.25	12.25	32.30375	12.25	11.7990625	43.8171875	0	-30.25	19.5428125	0	674.375	495.875	736.166666666667	451.333333333333	230.25	603	212.85	-41.65	458.133333333333	0	1163.515	1104.625	1189.75	1189.2	1156.8840625	1197.7375	-23.6475000000003	-85.1384375	18.5115624999999
White-bellied Woodpecker	0	57.4375	45.775	73.075	55.25	55.25	67.5545833333333	1	-12.2515625	17.65	0	830.75	794.25	885.190625	898.958333333333	805.375	934.666666666667	-61.375	-128.0875	40.14375	0	1135.825	1089.75	1184.725	1146.55	1135.581875	1171.5	-12.4166666666667	-69.9999999999995	42.4299999999997
Blue-bearded Bee-eater	2	86.7125	77.6875	113.5	54.35	50.65	77.6675	30.31875	3.60760416666668	59.75625	2	859.333333333333	702.666666666667	901.25	504.25	479.5	607.5	351.604166666667	203.933541666667	403	2	1635	1594.66666666667	1669.7	1318.79583333333	1282.473125	1344.74166666667	319.116666666666	268.762291666667	368.859270833334
Malabar Woodshrike	0	55.25	49.75	63	55.25	55.25	62.4259375	0	-7.25125	7.75	1	687.25	615.84125	738.666666666667	782.25	735.98125	837.5	-97.1875	-192.30625	-16.4468750000001	1	1230.75	1230.75	1255.1875	1276	1239.487875	1284.525	-44.8899999999999	-53.95	-5.92499999999905
Malabar Imperial-Pigeon	0	97.3333333333333	91.25	107.5	77.6666666666667	74	101.25	17.1333333333333	-9.80416666666667	29.825	1	968	957.666666666667	1000.75	1046.66666666667	1015.25	1067.75	-74.1875	-104.25	-23.8333333333334	2	1616.75	1608.5	1616.75	1494.85	1480.44	1528.4	121.516666666667	88.3450000000006	136.24
Velvet-fronted Nuthatch	2	198	158.904791666667	260.3396875	119.9625	104	161.370833333333	79.2666666666667	28.9783333333334	134.15125	0	1096	1074.5	1105	1081.5	1073.70833333333	1096	10.9375	-13.0937499999999	30.4229166666665	0	2125.5	2125.5	2137.25833333333	2125.5	2125.5	2129.7625	0	-3.875	11.7583333333337
Greater Flameback	0	72.5625	68.3333333333333	76.6666666666667	64.1854166666667	55.25	72.3025	8.74375	-1.40450000000001	18.75	0	857.25	813.74375	863	832	810.75	860.25	21.9166666666667	-17.75	49.75	2	1843.86666666666	1818.3890625	1856.2128125	1630.9125	1608	1650.505	211.383333333333	178.2691875	248.0878125
Pied Cuckoo	0	99.075	68.6125	193.05375	71.6666666666667	15	142.1175	42.5541666666667	-47.96625	160.220625	0	419.333333333333	406.25	464.333333333333	419.333333333333	406.25	461.5	0	-42.7916666666667	31.9999999999997	0	1452.75	1161.78020833333	1452.75	1243.0625	1113.4015625	1378.5	172.749999999999	-104.083125	324.7759375
Gray-breasted Prinia	1	91.25	91.25	105.070104166667	116.025	101.0475	125.25	-22.56875	-34	-2.29875000000001	2	1028	1018.5	1055.33333333333	661.8	619	734	375.833333333333	290.7375	422.40625	0	1290.66666666667	1270.5	1313.29166666667	1309.9425	1277.5353125	1366.575	-25.7183333333317	-90.75	22.7083333333326
Lesser Yellownape	0	49.3666666666667	46	63.325	55.25	52.7444791666667	72.375	-7.29166666666667	-22.7070833333333	5.47718750000001	0	479.5	375	526.25	517	479.5	606.75	-48.6875	-193.308125	23.000625	2	1396.6	1325.375	1429.46697916667	1243.45	1227.61197916667	1248.875	156.3375	81.1596875000002	193.019166666667
Banded Bay Cuckoo	0	63.91875	55.25	71.3983125	55.25	42.5	55.25	9.67916666666667	0	25.2429375	0	245.875	177.038541666667	522.5	161	126.5	363.25	75.75	-130.220833333333	349.563541666667	2	1204.35	1034.795625	1232.8875	916.075	892.274375	941.9625	285.0375	118.8509375	326.5853125
Speckled Piculet	0	112.95	84.25	297.5375	368.7	183.075	687.25	-241.2125	-583.5671875	31.8125	0	1052	996.5	1090	1019	887.75	1081.83854166667	32.9583333333335	-61.8020833333332	185.552083333333	1	1618.475	1616.725	1650.375	1980.59166666667	1960.625	1990.575	-361.941666666667	-373.15	-325.313541666667
Green Imperial-Pigeon	0	33.65	32.75	39.9203125	44.1416666666667	35	47.5753125	-9.9125	-14.613125	1.35375	0	472.333333333333	254.25	497.625	461	287.746875	496.25	14.875	-202.759375	194.617708333333	2	1219.02916666667	1190.7203125	1224.775	955.622916666666	914.94125	1076.0464375	262.733333333333	138.307270833335	305.226770833333
White-bellied Drongo	0	171.5	124.5	220.6508125	143.5	143.5	250.85	9.80000000000001	-99.14375	68.5378125	0	660.875	546	702.666666666667	550.25	527.5	583.5	111.333333333333	-13.0572916666667	166.675	2	1329.5125	1229.775	1414.5	1020.525	997.75	1043.53510416667	311.999999999999	208.984479166667	410.962916666667
Nilgiri Wood-Pigeon	2	850.29375	825.75	1058.6	783.025	662.316666666667	878.8159375	76.9729166666667	0.279375000000004	319.919583333333	0	1621.8	1614	1630.66666666667	1571.25	1554	1649.8	55.5250000000001	-28	75	2	2304.43333333333	2285.125	2323.74166666667	2190.66666666667	2185.96666666667	2211.87083333333	110.7375	87.3098958333333	133.45
Large Cuckooshrike	0	49.90625	34.75	63.0333333333333	54.0625	46	77.6666666666667	-6.1625	-39.2469791666666	15.3925	1	167.4	128.25	261.25	479.5	363.653125	479.5	-298.925	-350.791666666667	-162.875	0	1059.15	947.4975	1146	983.9	932.249166666667	1030.46	78.2125000000002	-46.9493124999996	178.090625
Indian White-eye	2	748.0125	729.0615625	756.5	702.666666666667	681.101875	720.666666666667	42.4416666666667	13.59625	68.5064375	2	1305.33333333333	1301.33333333333	1311.33333333333	1218.625	1203.25	1230.75	91.6458333333333	74.5833333333333	103.136458333333	1	2183.5	2183.5	2188.25	2210.63333333333	2205.66666666667	2213.7125	-26.979166666667	-29.9749999999995	-21.874375
Fork-tailed Drongo-Cuckoo	2	56	48.8125	74.215	38.2708333333333	19.6666666666667	53.9175	19.3541666666667	0.58375	47.8929166666666	2	756.375	465.75	796.25	187.083333333333	143.5	375	527.125	248.15	634.104166666667	0	1339.25	966.8025	1404.95	1047.325	913.089583333333	1063.25	293.7	-86.2937499999999	442.03375
Brown-capped Pygmy Woodpecker	0	57.8	53.8675	73.3340625	55.25	54.0820833333333	61.051875	2.35	-4.40062499999999	18.1383333333333	2	767.75	725.709375	810.75	617.666666666667	551.5	720.666666666667	145.5	24.7479166666667	217.25625	1	1230.75	1230.75	1234.85	1326.19333333333	1287.67135416667	1477.13333333333	-95.4433333333284	-246.383333333332	-56.1861458333334
Red Spurfowl	2	91.25	78.194375	104.408020833333	52.25	47.074375	55.25	39.9	24.921875	53.8985416666667	2	957.166666666667	938	993.784375	868.5	825.25	912.791666666667	86.3958333333333	41.6208333333333	135.510416666667	2	1619	1594.25	1629.2	1546	1488.6	1559.4125	71.6287499999997	41.6590624999999	126.998125000001
Eurasian Collared-Dove	0	282	261.6925	284	284	284	284	-2	-22.3075	0	1	406.25	393	406.25	419.333333333333	419.333333333333	461.5	-13.0833333333333	-55.25	-13.0833333333333	0	956.958333333333	908.705624999999	964.5125	907.025	867.07425	926.3025	43.9395833333333	-8.35906249999999	86.3014583333335
Bay-backed Shrike	0	265.75	265.75	277.5	265.75	265.75	278.531041666667	0	-11.75	11.75	0	619	531.291666666667	702.666666666667	618	577.583333333333	619	3.75	-73.375	102.333333333333	2	1306.0125	1075.89583333333	1564.9978125	997.25	978.0846875	999.925625	308.762500000002	78.0782291666633	573.049374999999
Rufous Babbler	0	107.5	91.6453125	130.52	124.5	103.496875	154.451875	-13	-50.7259375	15.9641875	0	1014.5	970.95625	1027	998	968.49375	1035	11.3958333333334	-40.0685416666666	52.946875	0	1463.425	1441	1503.8125	1501.25	1474.43333333333	1548.8125	-48.7458333333327	-98.8167708333331	5.22395833333396
Indian Gray Hornbill	0	87.26875	74.8333333333333	91.25	92.0625	65.7339583333333	114.5	-4.29666666666667	-30.5126666666667	22.9166666666667	2	429.825	406.25	507.925	401.666666666667	390.125	406.25	32.375	4.58333333333331	119.1875	0	955.675	899.4509375	1045.38333333333	1007.46666666667	931.518125	1046.66666666667	-32.4166666666662	-122.268541666667	92.9505208333327
Yellow-eyed Babbler	0	275.7875	265.75	435.283333333333	214.45	143.5	275.7875	61.4479166666667	-0.0593750000000201	230.040208333333	0	489.6	489.25	537.5	484.375	479.5	489.25	9.75	0	58	0	959.483333333333	938.660416666666	1042.9	948.6375	923.3125	964.2	22.1874999999999	-16.4679166666665	104.984375
Southern Hill Myna	2	74	73.25	78.614375	55.25	55.25	55.25	18.75	16.75	23.364375	1	861.625	852.2	870.471875	879.875	870.871875	884.333333333333	-16.6125	-28.225625	-5.57500000000004	2	1560.2	1554	1563.8	1430.5	1418.88375	1449.9375	129.16875	108.874625	140.6461875
Plain Prinia	1	62.6125	42.9875	95.204375	123.75	111.666666666667	143.5	-62.7125	-98.375	-24.8357291666667	0	489.6	484.667708333333	584.740625	489.6	476	496.75	1.44583333333333	-8.89166666666665	99.6625	0	2010.325	1972.5	2015.6875	2009.5	2008.41666666667	2009.5	0.824999999999818	-37	6.1875
Yellow-billed Babbler	1	65.7625	54.5086875	72.0503125	83.5916666666667	77.8863541666667	91.1890625	-18.9208333333333	-31.1884375	-7.68322916666667	1	419.333333333333	415.5	419.333333333333	456.375	426.666666666667	461.666666666667	-37.6666666666667	-46	-8.90729166666669	2	957.5	942.6621875	962.633541666667	934.666666666667	917.31375	949.8009375	21.7583333333336	3.67343749999995	39.3079166666668
Cinereous Tit	0	92	92	104.606875	85.95	72.312	92	6.94999999999999	0	21.8075	2	1074.04166666667	1016.72604166667	1139.66666666667	891.375	875.75	911.78125	183.9375	118.5	255.333333333333	0	2271.33333333333	2271.33333333333	2271.33333333333	2271.33333333333	2269.8	2271.33333333333	0	0	1.5333333333333
White-bellied Treepie	2	76.6333333333333	59.1475	91.25	52.25	47.9995833333333	55.025625	26.2879166666667	8.17072916666667	42.5166666666667	1	860.25	833	878.25	948.5	919	961.404166666667	-90.6041666666667	-124.6875	-52.75	1	1190.39791666667	1161.065	1198.33333333333	1277.1	1229.325	1292.075	-89.4437499999999	-122.2515625	-44.982604166666
Jerdon's Bushlark	0	113.133333333333	102.8853125	145.6625	143.5	136.325	143.5	-30.2416666666667	-40.6146875	2.16250000000002	0	479.5	479.5	489.25	479.5	479.5	479.5	0	0	9.75	2	937.8	924.25	958.1	868.45	823.466666666667	914.25	69.2416666666669	20.415	114.407291666667
Indian Yellow Tit	0	584.8	563.375	606.333333333333	613	590.425625	637	-30.7208333333334	-63.6595833333333	4.38781249999993	0	1073.70833333333	1035	1100.5	1026.75	1004.225	1058.25	44.875	-5.12291666666659	85.253125	2	2150.05	2142.53333333333	2157.0125	2125.5	2125.5	2125.5	24.5499999999997	17.0333333333328	31.5124999999998
Gray-bellied Cuckoo	0	92.375	70.4866666666667	127.8840625	119.0375	96.025	143.5	-27.0145833333333	-70.01	23.56625	2	808	759.489583333333	854.916666666667	479.5	479.5	542	324.25	250.25	364.25625	0	1334.4375	1241.6975	1492.5	1238.25	1211.8	1354.625	85.7499999999998	-65.2809374999994	252.523437499999
Indian Silverbill	0	268.4875	262.5625	284	275.69375	265.75	295.5	-5.875	-29.1509375	15.454375	1	466.75	377.25	488.425	573.833333333333	496.75	642	-112.208333333333	-241.25	-21.0264583333333	0	962.0375	924.710208333333	1002.4709375	947.7625	916.494791666667	1007.061875	17.11875	-50.9418749999999	63.0501041666666
Ashy-crowned Sparrow-Lark	0	133.05	119.825	191.8	140.575	120.4	143.5	-6.3175	-23.675	56.47875	1	476.666666666667	374.625	489.8	578.208333333333	489.6	665.875	-114.7	-221.691666666667	-12.9333333333333	0	793.833333333333	702.666666666667	912.316666666666	853	789.6325	931.8859375	-66.2270833333336	-225.606770833333	98.2811458333333
Rock Pigeon	0	32.3	21.3333333333333	32.75	22.35	12.25	32.75	9	-2.35989583333333	20.5	1	415.5	411.25	419.333333333333	451.625	419.333333333333	470.5	-35.275	-54.8781250000001	-3.08333333333331	0	2035.5	2035.5	2035.5	2035.675	2035.5	2043.11666666667	-0.174999999999955	-7.61666666666679	0
Common Flameback	0	190.3125	93	434.289875	80.5416666666667	75.2	145.9153125	105.633333333333	-6.50437500000002	344.1773125	0	1005.5	994.25	1096	961.333333333333	897.25	1036	47.2083333333334	-31.2625	145.416666666667	2	1411.75	1377.67916666667	1411.75	1135.6	1096	1149.06	276.15	243.485395833333	315.75
Streak-throated Woodpecker	2	250.9875	118.325	473.330625	84.9625	68.3333333333333	136.61375	166.1375	14.3392708333333	386.174166666667	0	1191.75	1177.33333333333	1220.25	1146	1139	1177.33333333333	38.3333333333333	0	74.25	1	1888	1884.55	1892.52916666667	1967.45	1958.46666666667	1977.9184375	-79.2979166666665	-90.8240625000001	-68.8092708333329
Nilgiri Flycatcher	0	1123	1096	1220.96	1077.775	1058.2421875	1122.961	49.2791666666667	-0.326875000000041	152.6271875	2	1619	1616.75	1619	1580	1563.8	1603.5	39	13.25	52.95	2	2258.4	2254.53333333333	2260.55	2225.75	2225.75	2225.75	32.6500000000001	28.7833333333328	34.8000000000002
Yellow-crowned Woodpecker	0	104.75	78.3875	124.5	124.5	93.7	200.65	-18.4	-96.9375	22.125	0	544	489.25	685.25	539	489.25	653.75	1.82499999999999	-118.325	155.825	1	1399.95	1229.375	1422.75	1639.63333333333	1585.53333333333	1702.7	-249.75	-419.05	-175.883333333333
Laughing Dove	0	265.75	254.375	265.75	265.75	265.75	284	-1.3125	-18.25	0	1	489.25	489.25	489.425	535.75	514	570.333333333333	-45.7	-81.0833333333334	-24.75	2	1015.12083333333	983.923958333333	1034.26666666667	945.875	934.666666666667	961.180416666667	67.5812499999997	34.4699375	95.2726041666667
Gray-headed Canary-Flycatcher	2	1096	1069.5	1140.109375	991.425	950.764166666667	1019.75	105.4875	63.8865624999999	172.2546875	1	1451	1451	1464.5	1525.25	1501.375	1543.659375	-74.25	-92.6375	-45.24375	1	2183.5	2183.5	2183.5	2271.33333333333	2262.53333333333	2271.33333333333	-87.8333333333335	-87.8333333333335	-79.0333333333333
Black-and-orange Flycatcher	2	1292.75	1292.75	1292.75	1210.8	1203.25	1236	81.95	56.75	89.5	1	1614	1608	1616.75	1822.33333333333	1822	1842.25	-208.666666666667	-228.25	-205.875	0	2271.33333333333	2271.33333333333	2271.33333333333	2271.33333333333	2271.33333333333	2271.33333333333	0	0	0
Nilgiri Sholakili	1	1571.225	1571.225	1682.33333333333	1790.4	1790.4	1824.45	-219.175	-253.225	-108.066666666667	1	2114.75	2114.75	2114.75	2137.5	2137.5	2165.91666666667	-22.75	-51.166666666667	-22.75	2	2413.93333333333	2413.93333333333	2414	2324.3	2324.3	2330.92083333333	89.6333333333332	83.0125000000003	89.6999999999998
Wayanad Laughingthrush	0	526.25	522.9	695.625	538.45	411.2128125	765.7525	20.31875	-220.905625	221.4675	0	1069.5	997.25	1132.66666666667	1168.75	1110	1202	-94.25	-190.40625	8.00520833333333	2	1548.725	1471.9	1563.8	1319.275	1302.99125	1328.65	230.4875	153.25	259.05875
Indian Nuthatch	0	777.1125	767.6625	825.525	790.3625	759.9	847.85	5.0625	-76.75625	56.25	0	937.75	911.458333333333	957.583333333333	929.958333333333	910	949.354166666667	7.08333333333326	-33.5	29.1041666666667	0	1200.5375	1107.675	1212.2375	1099.91666666667	1018.5	1168.8	98.2083333333335	-7.45416666666688	193.737499999999
Dollarbird	0	34.9333333333333	19.6666666666667	48.4770833333333	39.375	29.375	46.28125	-3.1125	-24.7583333333333	13.8229166666667	2	198	104	285.5	55.25	55.25	71.5416666666667	142.75	39.6666666666667	230.25	2	1422.76666666666	1125.66666666667	1670.35	1024.8	765	1090	418.799999999999	95.9666666666668	777.654166666667
White-browed Fantail	0	139.589583333333	51.1666666666667	445.067708333332	413.1375	189.157125	470.889375	-232.8625	-416.666666666667	152.6156875	2	997.75	959	1243	951.0625	928.721875	963.333333333333	48.75	1	296.288125	0	2086.12916666667	2077.47916666667	2136.40416666667	2137.79	2065.7875	2218.465	-51.5049999999994	-124.688333333333	30.2764166666679
Jungle Prinia	0	265.75	265.75	273.4021875	265.75	265.75	265.75	0	0	10.575	0	479.5	472.5	489.6	489.425	476.666666666667	512.666666666667	-7.51250000000002	-26.8183333333333	10.1	0	931.85	865.7509375	954	920.4	853	958.8903125	9.89999999999992	-68.1360416666669	88.8812499999998
Nilgiri Laughingthrush	0	1751.025	1748.85	1788.1	1777	1777	1781.75	-25.9749999999999	-32.9000000000001	11.1000000000001	1	2122.5	2122.5	2125.75	2170.75	2170.75	2182.54166666667	-48.25	-60.041666666667	-45	1	2468.75	2468.75	2469.25	2480.5	2480.5	2483.325	-11.75	-14.5749999999998	-11.25
Palani Laughingthrush	0	1432.6	1423.5125	1443.8	1410.775	1398.33333333333	1433.33333333333	21.25	-7.86395833333335	35.2208333333334	1	1620.4	1619	1628	1653.5	1653.5	1657	-33.9333333333332	-36.7525	-25.5	1	2209.8125	2208.5875	2211.9375	2293.125	2292.33333333333	2293.91666666667	-83.1812500000003	-84.8499999999999	-80.8166666666666
White-bellied Sholakili	2	1411.75	1411.75	1411.75	1386.46666666667	1378.7	1409.8	25.2833333333333	1.95000000000005	33.0500000000002	1	1672.125	1659	1685.25	1903.33333333333	1898.54166666667	1911.5	-231.208333333333	-246	-213.291666666667	2	2191.1625	2188.0125	2196.01666666667	2175	2175	2175	16.1624999999999	13.0124999999998	21.0166666666664
