Species	Group.x	Median_S.x	LCI_S.x	UCI_S.x	Median_W.x	LCI_W.x	UCI_W.x	Median_diff.x	LCI_diff.x	UCI_diff.x	Group.y	Median_S.y	LCI_S.y	UCI_S.y	Median_W.y	LCI_W.y	UCI_W.y	Median_diff.y	LCI_diff.y	UCI_diff.y	Group	Median_S	LCI_S	UCI_S	Median_W	LCI_W	UCI_W	Median_diff	LCI_diff	UCI_diff
Purple-rumped Sunbird	1	38.3	32.75	42.325	46.7895833333333	44.793	50.247375	-9.25	-15.25	-4.5	1	436.5	436.5	469.315625	479.5	479.5	479.5	-42.75	-43	-10.1843750000001	2	1281.79166666667	1220.25	1312.425	1183.70833333333	1166.38302083333	1194.65	100.387500000001	36.0237500000001	140.0809375
Greater Coucal	1	40.75	37.3996875	43.75	46.75	46	49.02625	-6.81875	-10.0646875	-2.3496875	2	575.5	537.5	591.75	489.25	479.5	506.25	85.8333333333333	45.7375	107.25	2	1509.725	1491.1790625	1546.25	1230.75	1230.75	1230.75	278.974999999998	260.4290625	315.5
Oriental Magpie-Robin	1	33.6375	32.75	38.75	42.5	39.25	46	-8.22708333333334	-12.700625	-1.49885416666667	2	850.625	827.24375	860.5	808.625	784.25	810.75	42.75	20	69.9127083333333	1	1629	1625.2	1637.21666666667	1710.575	1683.875	1724	-81	-95	-52.6134374999988
Malabar Pied-Hornbill	2	12.25	12.25	16.85125	8.575	6.45	10.5	4	1.75	8.5853125	2	88.25	66	107	39.25	32.75	46	48.25	26.483125	67.75	2	886.549999999999	831.529166666667	948.344375	688.975	637	749.172208333334	190.933333333333	112.796979166667	271.123125
Common Hawk-Cuckoo	1	32.75	21.3333333333333	32.75	61.29375	53.5225	71.5	-30.58125	-44.2370833333333	-21.3490625	0	460	422.728125	476.666666666667	479.5	468	479.5	-19.5	-56.771875	0	1	1161.55416666667	1139.66666666667	1179	1238.8375	1230.6875	1253.9875	-80.239583333333	-106.79125	-57.1945833333336
Crimson-backed Sunbird	2	91.6166666666667	81.261875	97.6078125	77.1266666666667	67.7346875	77.6666666666667	17.25	6.34500000000002	28.3845833333333	2	996.5	976.5	1019.128125	899.75	885	918.75	96.75	70.8739583333333	124.125	2	1654.6625	1647.4	1667.4075	1551.41875	1545.3109375	1554	104.791666666667	95.4431249999971	118.602499999997
Yellow-browed Bulbul	2	83.05	76.6666666666667	91.25	75.2858333333334	69.54875	77.6666666666667	6.67708333333333	0.423125000000011	17.2134375	2	947.125	929	959	898.25	885.194375	918.5	48.5833333333334	22.3274999999999	68.878125	2	1571.8125	1563.8	1582.25	1550.9375	1534.66666666667	1555.2	22.4312500000002	9.79999999999995	41.0362499999998
Gray Junglefowl	1	55.25	47.25	65.3002083333333	77.6666666666667	74	85.601875	-22.4166666666667	-33.8296875	-11.9161666666667	0	996.5	969.5	1014.50208333333	969.25	956.1125	984.634375	26.8958333333333	0	52.003125	2	2035.5	2035.5	2035.5	1992	1976.535	2001.33333333333	43.5	34.1666666666667	58.9650000000016
Bronzed Drongo	2	54.60125	48.5125	57.8503125	47.74375	46	50.1834375	6.5	0.198125000000003	10.6409791666667	0	517	479.5	579.75	479.5	479.5	518.5	33.5	-20.640625	94.5125	1	1135.6	1133.2535	1135.7125	1203.25	1187.7421875	1209.75	-67.6500000000001	-74.1500000000001	-52.1421875000001
Nilgiri Flowerpecker	2	97.3333333333333	91.7154166666667	104.3390625	77.6666666666667	77.6666666666667	77.6666666666667	19.6666666666667	14.04875	27.6865625	2	1064.375	1058.25	1073.75	1039.25	1022.33333333333	1052	28.4166666666667	10.9156250000001	47.175	2	2035.5	2035.5	2035.5	1788.4	1788.4	1788.4	247.1	247.1	247.1
Purple Sunbird	1	32.75	32.75	32.75	46.75	42.25	51.00125	-14	-18.25125	-9.5	1	465.8125	436.5	479.5	544.75	533	580.0125	-85.8958333333333	-130.404166666667	-58	2	1751.15	1710	1778.66666666667	1479.6	1479.6	1479.6	271.55	230.4	299.135
Long-tailed Shrike	2	489.25	489.25	489.25	365.6875	284	469.2025	123.5625	20.0475	205.25	0	1177.33333333333	1177.33333333333	1230.75	1177.33333333333	1146	1177.33333333333	19.9166666666667	0	78.0510416666667	2	2125.2625	2125.25	2126.19166666667	2078.2	2078	2083.525	47.1083333333331	41.7250000000004	48.0424999999994
Indian Roller	2	153	115.75	194.659895833333	19.05625	10.5	42.401875	132.70625	81.749375	178.375	2	436.5	421.625	436.5	414.333333333333	401.333333333333	419.333333333333	21.5833333333334	9.25	35.1916666666667	2	972.387499999999	954.25	1049.015	876.508333333333	822.586666666665	921.815	106	42.0979166666672	195.7855
Indian Blackbird	2	595.95	467.875	757.947604166667	66.25	49.67375	91.25	523.03125	404.789375	692.241979166667	2	1782.16666666667	1761.41666666667	1814.33333333333	1085	1056.584375	1127.5	705.333333333333	652.166666666667	740.91875	2	2324.18333333333	2322.8	2324.98333333333	2175	2175	2175	149.183333333333	147.8	149.983333333333
Square-tailed Bulbul	2	765	745.666666666667	796.368333333333	656	564.6880625	738.3090625	104.75625	11.9166666666666	194.085	2	1387	1377.978125	1395.5	1236	1230.75	1253.61041666667	156	133.145833333333	164.75	2	2151.75	2144.98875	2151.75	2113.16666666667	2102.075	2116	38.25	30.6150000000001	49.25
Jungle Myna	2	371.375	252.3875	431.234375	93.9125	90.5990625	153.4690625	270.083333333333	146.3153125	334.633333333333	2	1169.625	1146	1177.33333333333	959	942	965	211.925	182.833333333333	231.74	2	2195.8125	2189.33333333333	2202.54833333333	2078.3	2073.7190625	2085.3359375	116.541666666666	106.605312499999	124.877395833333
Ashy Prinia	2	267.4375	260.2	284	143.5	131.57875	183.1175	123.410416666667	91.5609375	143.97875	2	702.666666666667	642	767.75	461.5	453.083333333333	479.5	241.166666666667	182.571875	306.25	2	2035.5	2035.5	2035.5	1968.5	1934.86666666667	2006	67	29.5000000000009	100.633333333334
Pied Bushchat	2	333.025	324.9909375	346.393125	265.75	248.666666666667	280.52125	67.8625	50.39	88.8596875	2	1459.33333333333	1442.83333333333	1505.83	873.5	851.25	911.25	588.645833333333	542.615625	644.851875	2	2248	2248	2248	2215.81666666667	2210.65	2218.35	32.1833333333334	29.6500000000001	37.3499999999999
Heart-spotted Woodpecker	1	34.00625	31.3671875	42.5195	47.4375	46	51.6783333333333	-13.25	-18.9516666666667	-5.3095625	0	507.875	437.75	591.75	478.958333333333	266.478125	530	52	-62.2525	256.9	2	1219.45	1205.75	1228.7	1140.37083333333	1094.81072916667	1163.9875	75.0333333333331	46.8465624999999	123.45
Malabar Parakeet	2	66.40625	59.4979166666667	73.5	55.25	50.2221875	55.25	12.7354166666667	4.24791666666667	19.45	1	794.25	794.25	817.75	875.5	867	881.666666666667	-79.75	-87.4166666666666	-57.6899999999999	1	1223.8125	1220.25	1241	1312	1305.775	1312	-87.4450000000001	-91.75	-71
Brown-cheeked Fulvetta	1	123.1875	112.666666666667	167.1890625	201.183333333333	156.591041666667	237.625625	-69.4520833333333	-116.3553125	-18.94375	2	1209.75	1187.65729166667	1257.25	1090	1089.75	1096	119.75	91.6010416666667	162.375	1	1632.175	1624.86145833333	1633.2285	1640.93333333333	1639.73614583333	1647.68333333333	-9	-17.5467708333333	-6.96874999999997
Blue-bearded Bee-eater	2	86.7125	77.6875	113.5	54.35	50.65	77.6675	30.31875	3.60760416666668	59.75625	2	859.333333333333	702.666666666667	901.25	504.25	479.5	607.5	351.604166666667	203.933541666667	403	2	1635	1594.66666666667	1669.7	1318.79583333333	1282.473125	1344.74166666667	319.116666666666	268.762291666667	368.859270833334
Nilgiri Wood-Pigeon	2	850.29375	825.75	1058.6	783.025	662.316666666667	878.8159375	76.9729166666667	0.279375000000004	319.919583333333	0	1621.8	1614	1630.66666666667	1571.25	1554	1649.8	55.5250000000001	-28	75	2	2304.43333333333	2285.125	2323.74166666667	2190.66666666667	2185.96666666667	2211.87083333333	110.7375	87.3098958333333	133.45
Indian White-eye	2	748.0125	729.0615625	756.5	702.666666666667	681.101875	720.666666666667	42.4416666666667	13.59625	68.5064375	2	1305.33333333333	1301.33333333333	1311.33333333333	1218.625	1203.25	1230.75	91.6458333333333	74.5833333333333	103.136458333333	1	2183.5	2183.5	2188.25	2210.63333333333	2205.66666666667	2213.7125	-26.979166666667	-29.9749999999995	-21.874375
Red Spurfowl	2	91.25	78.194375	104.408020833333	52.25	47.074375	55.25	39.9	24.921875	53.8985416666667	2	957.166666666667	938	993.784375	868.5	825.25	912.791666666667	86.3958333333333	41.6208333333333	135.510416666667	2	1619	1594.25	1629.2	1546	1488.6	1559.4125	71.6287499999997	41.6590624999999	126.998125000001
Southern Hill Myna	2	74	73.25	78.614375	55.25	55.25	55.25	18.75	16.75	23.364375	1	861.625	852.2	870.471875	879.875	870.871875	884.333333333333	-16.6125	-28.225625	-5.57500000000004	2	1560.2	1554	1563.8	1430.5	1418.88375	1449.9375	129.16875	108.874625	140.6461875
Yellow-billed Babbler	1	65.7625	54.5086875	72.0503125	83.5916666666667	77.8863541666667	91.1890625	-18.9208333333333	-31.1884375	-7.68322916666667	1	419.333333333333	415.5	419.333333333333	456.375	426.666666666667	461.666666666667	-37.6666666666667	-46	-8.90729166666669	2	957.5	942.6621875	962.633541666667	934.666666666667	917.31375	949.8009375	21.7583333333336	3.67343749999995	39.3079166666668
White-bellied Treepie	2	76.6333333333333	59.1475	91.25	52.25	47.9995833333333	55.025625	26.2879166666667	8.17072916666667	42.5166666666667	1	860.25	833	878.25	948.5	919	961.404166666667	-90.6041666666667	-124.6875	-52.75	1	1190.39791666667	1161.065	1198.33333333333	1277.1	1229.325	1292.075	-89.4437499999999	-122.2515625	-44.982604166666
Streak-throated Woodpecker	2	250.9875	118.325	473.330625	84.9625	68.3333333333333	136.61375	166.1375	14.3392708333333	386.174166666667	0	1191.75	1177.33333333333	1220.25	1146	1139	1177.33333333333	38.3333333333333	0	74.25	1	1888	1884.55	1892.52916666667	1967.45	1958.46666666667	1977.9184375	-79.2979166666665	-90.8240625000001	-68.8092708333329
Gray-headed Canary-Flycatcher	2	1096	1069.5	1140.109375	991.425	950.764166666667	1019.75	105.4875	63.8865624999999	172.2546875	1	1451	1451	1464.5	1525.25	1501.375	1543.659375	-74.25	-92.6375	-45.24375	1	2183.5	2183.5	2183.5	2271.33333333333	2262.53333333333	2271.33333333333	-87.8333333333335	-87.8333333333335	-79.0333333333333
Nilgiri Sholakili	1	1571.225	1571.225	1682.33333333333	1790.4	1790.4	1824.45	-219.175	-253.225	-108.066666666667	1	2114.75	2114.75	2114.75	2137.5	2137.5	2165.91666666667	-22.75	-51.166666666667	-22.75	2	2413.93333333333	2413.93333333333	2414	2324.3	2324.3	2330.92083333333	89.6333333333332	83.0125000000003	89.6999999999998
White-bellied Sholakili	2	1411.75	1411.75	1411.75	1386.46666666667	1378.7	1409.8	25.2833333333333	1.95000000000005	33.0500000000002	1	1672.125	1659	1685.25	1903.33333333333	1898.54166666667	1911.5	-231.208333333333	-246	-213.291666666667	2	2191.1625	2188.0125	2196.01666666667	2175	2175	2175	16.1624999999999	13.0124999999998	21.0166666666664
