Species	Group.x	Median_S.x	LCI_S.x	UCI_S.x	Median_W.x	LCI_W.x	UCI_W.x	Median_diff.x	LCI_diff.x	UCI_diff.x	Group.y	Median_S.y	LCI_S.y	UCI_S.y	Median_W.y	LCI_W.y	UCI_W.y	Median_diff.y	LCI_diff.y	UCI_diff.y	Group	Median_S	LCI_S	UCI_S	Median_W	LCI_W	UCI_W	Median_diff	LCI_diff	UCI_diff
Greater Coucal	1	40.75	37.3996875	43.75	46.75	46	49.02625	-6.81875	-10.0646875	-2.3496875	2	575.5	537.5	591.75	489.25	479.5	506.25	85.8333333333333	45.7375	107.25	2	1509.725	1491.1790625	1546.25	1230.75	1230.75	1230.75	278.974999999998	260.4290625	315.5
White-browed Wagtail	0	48.3	44.5	63.04625	45.0666666666667	39.3596875	47.45125	4.07708333333334	-1.95541666666666	21.1640625	2	731	702.666666666667	749.375	657	619	702.666666666667	75	17.0833333333334	112.390625	2	1851.4	1851	1867.1875	1469.925	1459.39916666667	1479.6	382.3125	371.65	398.144375
Indian Robin	0	110	93.9475	124.726875	124.5	115.899375	143.5	-18.0166666666667	-42.4009375	6.06437499999997	0	489.25	489.25	489.25	489.25	489.25	489.6	0	-0.350000000000023	0	2	1647.9	1630.36666666667	1665.03822916667	997.325	965.179166666667	1005.5925	653.383333333333	631.441375	686.554583333333
Brown-headed Barbet	0	19.05	12.25	32.75	12.25	12.25	12.25	6.80000000000001	0	20.5	0	479.5	479.5	488.25	479.5	479.5	479.5	0	0	8.75	2	2139.33333333333	2139.33333333333	2139.67083333333	1251.45	1230.05833333333	1270.075	887.883333333334	869.258333333334	909.275
Indian Pond-Heron	0	32.75	32.75	35.2161458333333	33.5333333333333	32.75	39.0003125	-0.618750000000006	-6.25	1.3671875	1	415.5	406.25	415.5	460.75	419.333333333333	461.5	-45.75	-54.2520833333333	-6.996875	2	1603	1603	1616.225	1209.75	1209.75	1217.25	393.25	385.75	406.474999999999
Spotted Dove	0	51.8	46	60.65125	62.6666666666667	53.1316666666667	68.3333333333333	-10.73125	-19.5007291666667	3.278125	2	944	936.61875	954.25	765.666666666667	752.25	774.25	179.5625	167.741666666667	195.55125	2	2075.21875	2060.75	2088.075	1696.3	1676.5	1717.3	377.062499999999	349.350000000001	400.760000000001
Chestnut-headed Bee-eater	0	73.58125	68.4958333333333	83.46625	65.3791666666667	56.036875	74	9.21666666666667	-0.283749999999985	21.0404166666667	2	1055.33333333333	1022.25	1076.503125	825.75	810.75	849.11	226.9375	186.25	262.835416666667	2	1657.13333333333	1629.29458333333	1682.94166666667	1314.975	1311.41333333333	1347.13333333333	335.403749999999	297.265833333333	368.710625
Ashy Woodswallow	0	27.25	19.2348958333333	36.6670833333333	18	14.0334375	28.5310416666667	9.02083333333333	-4.77447916666666	19.1896875	2	559.5	490	591.75	419.333333333333	402.5	419.333333333333	140.166666666667	70.6666666666667	175.338541666667	2	1553.15	1445.560625	1577.2125	1112.725	1076.2596875	1139	430.745833333332	314.722499999994	488.201875
Nilgiri Flowerpecker	2	97.3333333333333	91.7154166666667	104.3390625	77.6666666666667	77.6666666666667	77.6666666666667	19.6666666666667	14.04875	27.6865625	2	1064.375	1058.25	1073.75	1039.25	1022.33333333333	1052	28.4166666666667	10.9156250000001	47.175	2	2035.5	2035.5	2035.5	1788.4	1788.4	1788.4	247.1	247.1	247.1
Purple Sunbird	1	32.75	32.75	32.75	46.75	42.25	51.00125	-14	-18.25125	-9.5	1	465.8125	436.5	479.5	544.75	533	580.0125	-85.8958333333333	-130.404166666667	-58	2	1751.15	1710	1778.66666666667	1479.6	1479.6	1479.6	271.55	230.4	299.135
Thick-billed Flowerpecker	0	21.3333333333333	21.1708333333333	21.3333333333333	39.7125	17.9246875	55.25	-18.4041666666667	-33.9166666666667	3.40833333333333	0	541.875	479.5	597.916666666667	607.5	516.5	619	-52.4375	-139.5	56.05	2	1551.74	1408.4023125	1563.8	1235.6875	1186.9884375	1245.8875	316.77125	168.612500000001	373.785
Tawny-bellied Babbler	0	147.775	124.5	268.7021875	231.7875	167.4	306.0946875	-75.6125	-149.0496875	59.7132499999999	2	764.5	702.666666666667	859.333333333333	623.75	619	702.666666666667	126.9375	31.5583333333334	238.127083333333	1	1617	1538.525	1657.875	1822	1822	1822	-205	-283.475000000002	-164.125
White-breasted Waterhen	0	43.75	40.525	45.750625	45.9333333333333	41.149375	46.75	-2.25	-6.15052083333333	2.1890625	2	479.5	465.45625	581.5	461.5	419.333333333333	476	21.75	1.99583333333333	127.416666666667	2	1489.8575	1458.098875	1516.25	1242.20624999999	1230.5875	1456.7	237.528749999999	25.5265833333333	282.451875
White-rumped Shama	0	101.25	71.12625	234.355416666667	104.004166666667	75.629	302.526875	0.735416666666659	-156.105729166667	129.859645833333	2	825	778.333333333333	870.659375	696.2	687.25	753.140625	107.083333333333	29.1406250000001	176.80375	2	1698.125	1688.9	1729.475	1495.55	1246.2034375	1574.5625	206.408333333334	122.856041666667	459.065104166668
Black-throated Munia	0	27.6875	21.3333333333333	40.75	38.25	32.75	44.8353125	-8.7125	-19.5544791666667	8	0	801	754.708333333333	852.2	797	758.166666666667	810.75	9.43750000000006	-41.9666666666666	63.5854166666666	2	1510.025	1366.973125	1518	1252.425	1215.75	1265.54166666667	256.25	113.502083333333	291.496875
Blue-bearded Bee-eater	2	86.7125	77.6875	113.5	54.35	50.65	77.6675	30.31875	3.60760416666668	59.75625	2	859.333333333333	702.666666666667	901.25	504.25	479.5	607.5	351.604166666667	203.933541666667	403	2	1635	1594.66666666667	1669.7	1318.79583333333	1282.473125	1344.74166666667	319.116666666666	268.762291666667	368.859270833334
Greater Flameback	0	72.5625	68.3333333333333	76.6666666666667	64.1854166666667	55.25	72.3025	8.74375	-1.40450000000001	18.75	0	857.25	813.74375	863	832	810.75	860.25	21.9166666666667	-17.75	49.75	2	1843.86666666666	1818.3890625	1856.2128125	1630.9125	1608	1650.505	211.383333333333	178.2691875	248.0878125
Banded Bay Cuckoo	0	63.91875	55.25	71.3983125	55.25	42.5	55.25	9.67916666666667	0	25.2429375	0	245.875	177.038541666667	522.5	161	126.5	363.25	75.75	-130.220833333333	349.563541666667	2	1204.35	1034.795625	1232.8875	916.075	892.274375	941.9625	285.0375	118.8509375	326.5853125
Speckled Piculet	0	112.95	84.25	297.5375	368.7	183.075	687.25	-241.2125	-583.5671875	31.8125	0	1052	996.5	1090	1019	887.75	1081.83854166667	32.9583333333335	-61.8020833333332	185.552083333333	1	1618.475	1616.725	1650.375	1980.59166666667	1960.625	1990.575	-361.941666666667	-373.15	-325.313541666667
Green Imperial-Pigeon	0	33.65	32.75	39.9203125	44.1416666666667	35	47.5753125	-9.9125	-14.613125	1.35375	0	472.333333333333	254.25	497.625	461	287.746875	496.25	14.875	-202.759375	194.617708333333	2	1219.02916666667	1190.7203125	1224.775	955.622916666666	914.94125	1076.0464375	262.733333333333	138.307270833335	305.226770833333
White-bellied Drongo	0	171.5	124.5	220.6508125	143.5	143.5	250.85	9.80000000000001	-99.14375	68.5378125	0	660.875	546	702.666666666667	550.25	527.5	583.5	111.333333333333	-13.0572916666667	166.675	2	1329.5125	1229.775	1414.5	1020.525	997.75	1043.53510416667	311.999999999999	208.984479166667	410.962916666667
Fork-tailed Drongo-Cuckoo	2	56	48.8125	74.215	38.2708333333333	19.6666666666667	53.9175	19.3541666666667	0.58375	47.8929166666666	2	756.375	465.75	796.25	187.083333333333	143.5	375	527.125	248.15	634.104166666667	0	1339.25	966.8025	1404.95	1047.325	913.089583333333	1063.25	293.7	-86.2937499999999	442.03375
Bay-backed Shrike	0	265.75	265.75	277.5	265.75	265.75	278.531041666667	0	-11.75	11.75	0	619	531.291666666667	702.666666666667	618	577.583333333333	619	3.75	-73.375	102.333333333333	2	1306.0125	1075.89583333333	1564.9978125	997.25	978.0846875	999.925625	308.762500000002	78.0782291666633	573.049374999999
Common Flameback	0	190.3125	93	434.289875	80.5416666666667	75.2	145.9153125	105.633333333333	-6.50437500000002	344.1773125	0	1005.5	994.25	1096	961.333333333333	897.25	1036	47.2083333333334	-31.2625	145.416666666667	2	1411.75	1377.67916666667	1411.75	1135.6	1096	1149.06	276.15	243.485395833333	315.75
Yellow-crowned Woodpecker	0	104.75	78.3875	124.5	124.5	93.7	200.65	-18.4	-96.9375	22.125	0	544	489.25	685.25	539	489.25	653.75	1.82499999999999	-118.325	155.825	1	1399.95	1229.375	1422.75	1639.63333333333	1585.53333333333	1702.7	-249.75	-419.05	-175.883333333333
Wayanad Laughingthrush	0	526.25	522.9	695.625	538.45	411.2128125	765.7525	20.31875	-220.905625	221.4675	0	1069.5	997.25	1132.66666666667	1168.75	1110	1202	-94.25	-190.40625	8.00520833333333	2	1548.725	1471.9	1563.8	1319.275	1302.99125	1328.65	230.4875	153.25	259.05875
Dollarbird	0	34.9333333333333	19.6666666666667	48.4770833333333	39.375	29.375	46.28125	-3.1125	-24.7583333333333	13.8229166666667	2	198	104	285.5	55.25	55.25	71.5416666666667	142.75	39.6666666666667	230.25	2	1422.76666666666	1125.66666666667	1670.35	1024.8	765	1090	418.799999999999	95.9666666666668	777.654166666667
